executed:2022-08-13T17:35:29.363635
executed:2022-08-13T17:43:32.678913
executed:2022-08-13T17:58:26.111320
